;----------------------------------------------------------
;	Уставки системы регулирования возбуждения ТГ
;----------------------------------------------------------
0	350		0		0		0
1	350		80		275		2000
2	550		375		413		4000
3	585		524		462		4200
4	619		606		485		4450
5	654		688		510		4700
6	688		825		543		4900
7	723		962		575		5100
8	757		1131	600		5350
9	792		1300	625		5600
10	825		1550	650		5850
11	861		1800	675		6100
12	895		2015	700		6350
13	930		2230	725		6600
14	965		2465	738		6900
15	1000	2700	800		7200